#NumeroVariables
64
#TiposEntradas
3
#NumberOfObjectives
2
#NumberOfConstraints
1
#CostoEntradas
550 390 220
210 165 105
210 165 105
210 165 105
210 165 105
210 165 105
210 165 105
210 165 105
210 165 105
210 165 105
210 165 105
210 165 105
210 165 105
210 165 105
210 165 105
210 165 105
210 165 105
210 165 105
210 165 105
210 165 105
210 165 105
210 165 105
210 165 105
210 165 105
210 165 105
210 165 105
210 165 105
210 165 105
210 165 105
210 165 105
210 165 105
210 165 105
210 165 105
210 165 105
210 165 105
210 165 105
210 165 105
210 165 105
210 165 105
210 165 105
210 165 105
210 165 105
210 165 105
210 165 105
210 165 105
210 165 105
210 165 105
210 165 105
245 185 115
245 185 115
245 185 115
245 185 115
245 185 115
245 185 115
245 185 115
245 185 115
365 255 175
365 255 175
365 255 175
365 255 175
750 480 285
750 480 285
365 255 175
1100 710 455
#Cantidad de ciudades
11
#Nombre de las ciudades
Ekaterimburgo
Kaliningrado
Kazan
Moscu
Nizhni Novgorod
Rostov del Don
San Petesburgo
Samara
Saranks
Sochi
Volgrogrado
#Costo de la estadia por ciudad
498
142
187
308
208
125
987
105
125
256
94
#Fechas de eventos - DIA MES AÑO HORAS MINUTOS
14 6 2017 18 0
15 6 2017 17 0
15 6 2017 18 0
15 6 2017 21 0
16 6 2017 13 0
16 6 2017 16 0
16 6 2017 19 0
16 6 2017 21 0
17 6 2017 16 0
17 6 2017 18 0
17 6 2017 21 0
18 6 2017 15 0
18 6 2017 18 0
18 6 2017 21 0
19 6 2017 15 0
19 6 2017 18 0
19 6 2017 21 0
20 6 2017 15 0
20 6 2017 18 0
20 6 2017 21 0
21 6 2017 16 0
21 6 2017 20 0
21 6 2017 21 0
22 6 2017 15 0
22 6 2017 18 0
22 6 2017 20 0
23 6 2017 15 0
23 6 2017 18 0
23 6 2017 21 0
24 6 2017 15 0
24 6 2017 20 0
24 6 2017 21 0
25 6 2017 17 0
25 6 2017 18 0
25 6 2017 20 0
25 6 2017 21 0
26 6 2017 17 0
26 6 2017 17 0
26 6 2017 21 0
26 6 2017 21 0
27 6 2017 17 0
27 6 2017 19 0
27 6 2017 21 0
27 6 2017 21 0
28 6 2017 17 0
28 6 2017 18 0
28 6 2017 20 0
28 6 2017 21 0
30 6 2017 17 0
30 6 2017 21 0
1 7 2017 17 0
1 7 2017 21 0
2 7 2017 18 0
2 7 2017 21 0
3 7 2017 17 0
3 7 2017 21 0
6 7 2017 17 0
6 7 2017 21 0
7 7 2017 18 0
7 7 2017 21 0
10 7 2017 21 0
11 7 2017 21 0
14 7 2017 17 0
15 7 2017 18 0
#Ciudad donde se realiza cada partido
3
0
6
9
2
3
8
1
7
3
5
4
9
10
8
3
6
3
5
2
7
0
4
6
10
1
3
5
9
4
0
2
10
7
1
8
3
9
5
6
2
0
3
4
10
7
1
8
2
9
3
4
7
5
6
3
4
2
7
9
6
3
6
3
#Relevancias por partido y tipo de entrada
100	110	120
80	90	100
80	90	100
80	90	100
80	90	100
80	90	100
80	90	100
80	90	100
80	90	100
80	90	100
80	90	100
80	90	100
80	90	100
80	90	100
80	90	100
80	90	100
80	90	100
80	90	100
80	90	100
80	90	100
80	90	100
80	90	100
80	90	100
80	90	100
80	90	100
80	90	100
80	90	100
80	90	100
80	90	100
80	90	100
80	90	100
80	90	100
80	90	100
80	90	100
80	90	100
80	90	100
80	90	100
80	90	100
80	90	100
80	90	100
80	90	100
80	90	100
80	90	100
80	90	100
80	90	100
80	90	100
80	90	100
80	90	100
300	310	320
300	310	320
300	310	320
300	310	320
300	310	320
300	310	320
300	310	320
300	310	320
500	510	520
500	510	520
500	510	520
500	510	520
750	760	770
750	760	770
500	510	520
1500	1525	1550
# Peso de la relevancia del partido sobre el puntaje de la solucion ( valor / 10 )
7
# Peso de la cantidad de partidos sobre el puntaje de la solucion (valor / 10)
3
# Costo de vuelos entre ciudades
0	182	130	62	320	150	128	208	520	253	188
182	0	151	64	223	92	66	92	492	192	146
130	151	0	43	147	174	102	207	481	133	170
62	64	43	0	262	113	124	203	357	135	126
320	223	147	262	0	264	181	231	472	288	245
150	92	174	113	264	0	156	224	461	200	268
128	66	102	124	181	156	0	145	491	160	276
208	92	207	203	231	224	145	0	493	223	179
520	492	481	357	472	461	491	493	0	147	541
253	192	133	135	288	200	160	223	147	0	276
188	146	170	126	245	268	276	179	541	276	0
# Tiempo de vuelo entre ciudades
0	2,486	0,717	1,418	1,668	1,772	1,783	0,77	1,01	2,077	1,403
2,486	0	1,806	1,093	0,841	1,577	0,83	1,941	1,543	1,86	1,778
0,717	1,806	0	0,716	1,032	0,611	1,194	0,298	0,31	1,515	0,851
1,418	1,093	0,716	0	0,413	0,959	0,635	0,86	0,516	1,37	0,914
1,668	0,841	1,032	0,413	0	1,315	0,227	1,233	0,905	1,703	1,32
1,772	1,577	0,611	0,959	1,315	0	1,54	1,002	0,865	0,404	0,394
1,783	0,83	1,194	0,635	0,227	1,54	0	1,42	1,098	1,925	1,465
0,77	1,941	0,298	0,86	1,233	1,002	1,42	0	0,349	1,346	0,644
1,01	1,543	0,31	0,516	0,905	0,865	1,098	0,349	0	1,244	0,613
2,077	1,86	1,515	1,37	1,703	0,404	1,925	1,346	1,244	0	0,677
1,403	1,778	0,851	0,914	1,32	0,394	1,465	0,644	0,613	0,677	0
# Criterio seleccion objetivo
75

